E_D4L_CPI = [
      5.43975051
      5.56001166
      5.70982153
      5.69191042
      5.36195485
       5.1809478
       4.7735071
      4.39140034
      4.30750877
       4.2433625
      4.27424719
      3.93090775
      3.82721838
      3.59415666
      3.54608067
      3.79574252
      4.18486207
      4.60583154
      4.94983603
      4.98003049
      4.56454159
      4.20549183
      4.00837223
      4.26179052
      4.44312218
      4.73642727
      4.91154337
       5.0120817
      5.16895133
      5.14890546
      5.21725879
      5.27227347
      5.26664659
      5.47043756
      5.37716085
      5.26534739
      5.37010527
      5.53788119
      5.83518878
      5.82374079
      5.83469783
      5.88027505
      6.04518427
      6.21111832
      5.96308694
      5.80326299
      5.59867908
      6.21139046
      6.30376636
      5.86382068
      5.32004199
      4.86129617
      4.52579988
      4.51749265
      4.31522319
      3.97922029
      3.90150353
      4.06887155
      3.81960738
       3.8936544
      3.86885351
      3.61531511
      3.69427223
      3.54222352
      3.45420202
       3.2163425
      3.07951812
      3.24155612
       3.5163734
      3.86125258
      4.22914863
      4.78532364
      4.87455098
      5.34504734
      5.68618403
      4.95256067
       4.9701438
             NaN
             NaN
             NaN
             NaN
             NaN
             NaN
             NaN
             NaN
             NaN
             NaN
             NaN
             NaN
             NaN
             NaN
             NaN
];

DLA_CAMBIO = [
               0
      20.1723415
           -9.29
           -26.4
           -17.6
           -29.5
           -23.2
           -15.7
           -10.8
           -1.83
           -1.84
            -3.7
           -7.51
           -25.4
           -14.4
             -26
           -11.3
           -21.2
      4.81933541
      124.540727
      6.95669708
           -43.7
           -42.6
           -28.8
      13.5606207
           -2.23
           -9.04
           -11.6
           -7.12
           -19.6
      12.3848902
      37.2361692
           -6.72
      40.7859707
      14.0365279
       5.8680759
           -11.8
      13.7605707
      40.4012841
           -1.75
      13.7944704
           -22.7
        8.869543
      44.7671665
      47.2874682
      26.9462127
      58.1080168
      31.4099052
      7.22600296
           -44.3
           -29.6
      4.89302737
           -18.7
      8.81925489
           -6.28
      11.2331875
           -1.23
       43.253777
      37.0145012
           -15.4
           -4.22
      15.6066609
       6.0760662
      13.8285376
      31.7182411
      75.7586476
          -0.743
      1.48423176
      5.88245896
           -14.1
           -4.56
      25.9109993
           -25.9
           -24.4
      25.9678184
     0.761180058
           -5.36
             NaN
             NaN
             NaN
             NaN
             NaN
             NaN
             NaN
             NaN
             NaN
             NaN
             NaN
             NaN
             NaN
             NaN
             NaN
];

JURO_NOMINAL = [
       15.237768
      14.8764773
      14.8764773
      15.6832794
      16.9405165
      17.8648151
      17.9818427
      17.2271221
      15.8711691
       14.617611
      13.6888252
      12.7953364
      12.2129133
      11.6982715
      10.9123427
      10.6609735
      10.6609735
      11.1541375
      12.2129133
      12.8832872
      11.8849134
      9.83056888
       8.4892467
       8.3881484
       8.3881484
      9.04803531
      10.1111501
      10.2105223
      10.7238751
      11.3417967
      11.5736498
      10.8136659
       9.8849364
      8.58106564
      7.56639039
       7.0272053
      6.99923718
      7.36221399
      8.28694778
      9.21232889
      10.0026314
      10.4360015
      10.4360015
      10.7328578
      11.6003676
      12.4427578
      13.1992709
      13.3218844
      13.3218844
      13.3218844
      13.3218844
      13.0677324
       12.018016
      10.4540179
      8.82855649
      7.27856697
      6.59749889
      6.29747992
      6.29747992
      6.29747992
      6.29747992
      6.29747992
      5.91176045
       4.9171044
      4.18135028
      3.12079271
      2.06845912
      1.98026273
      2.09784064
      3.29511001
      4.86949215
      7.42722444
      9.89399479
      11.7605242
      12.7249201
      12.8832872
      12.8832872
             NaN
             NaN
             NaN
             NaN
             NaN
             NaN
             NaN
             NaN
             NaN
             NaN
             NaN
             NaN
             NaN
             NaN
             NaN
];

E_JURO_NOMINAL = [
      13.6626598
      13.6888252
      14.6262507
       15.666181
       16.509062
      16.7546271
      16.0842525
      15.3150179
      14.0544245
      13.2430787
       12.830526
      11.8760336
      11.2614144
       10.399959
      10.0297721
      10.2737077
      10.5800419
      12.3013776
      13.5491969
      12.7953364
      10.1653654
      8.65446014
       8.3881484
      9.10282983
      9.96643231
      10.9750864
      10.9213085
      11.0109223
      11.5558341
       11.680478
       11.520193
      9.74896213
      9.06630349
      8.03811119
      7.29716125
      7.12968819
      7.33433942
      8.13956382
      9.01148894
      9.79430743
      10.6160196
      11.0109223
      10.7957142
      11.3239396
      11.8760336
      12.4604163
      12.5927557
      13.0414039
       13.251838
      12.0712075
      11.6181754
      10.9123427
      9.44916631
       8.3881484
      7.29716125
      6.71912495
      6.63493805
       6.3162575
       6.8125829
      6.86861578
      6.52257849
      6.19414015
      5.16432332
      4.41125746
       4.0853994
      2.53753063
      2.16636396
      2.43998868
       3.5174075
      5.40145883
       7.0551656
       9.8849364
      11.3864256
      12.3279016
       12.751332
       12.548662
      12.5927557
             NaN
             NaN
             NaN
             NaN
             NaN
             NaN
             NaN
             NaN
             NaN
             NaN
             NaN
             NaN
             NaN
             NaN
             NaN
];

META = [
      5.35407669
      5.35407669
      5.35407669
      5.35407669
      4.40168854
      4.40168854
      4.40168854
      4.40168854
      4.40168854
      4.40168854
      4.40168854
      4.40168854
      4.40168854
      4.40168854
      4.40168854
      4.40168854
      4.40168854
      4.40168854
      4.40168854
      4.40168854
      4.40168854
      4.40168854
      4.40168854
      4.40168854
      4.40168854
      4.40168854
      4.40168854
      4.40168854
      4.40168854
      4.40168854
      4.40168854
      4.40168854
      4.40168854
      4.40168854
      4.40168854
      4.40168854
      4.40168854
      4.40168854
      4.40168854
      4.40168854
      4.40168854
      4.40168854
      4.40168854
      4.40168854
      4.40168854
      4.40168854
      4.40168854
      4.40168854
      4.40168854
      4.40168854
      4.40168854
      4.40168854
      4.40168854
      4.40168854
      4.40168854
      4.40168854
      4.40168854
      4.40168854
      4.40168854
      4.40168854
      4.16216747
      4.16216747
      4.16216747
      4.16216747
      3.92207132
      3.92207132
      3.92207132
      3.92207132
      3.68139731
      3.68139731
      3.68139731
      3.68139731
      3.44014267
      3.44014267
      3.44014267
      3.44014267
      3.19830459
      3.19830459
      3.19830459
      3.19830459
      2.95588022
      2.95588022
      2.95588022
      2.95588022
      2.95588022
      2.95588022
      2.95588022
      2.95588022
      2.95588022
      2.95588022
      2.95588022
      2.95588022
];

